153 239 195
159 56 58
146 79 197
206 113 110
66 78 104
229 74 131
110 173 82
34 62 234
135 152 85
156 204 228
61 71 127
14 128 125
41 148 26
127 206 169
53 56 200
78 247 255
89 138 202
118 24 36
145 31 254
189 38 251
249 186 14
95 103 18
196 32 174
41 28 137
51 75 124
104 34 161
169 60 227
182 204 43
118 244 26
97 122 112
90 132 149
232 55 214
39 248 48
221 188 117
157 76 64
233 223 0
132 141 142
32 94 30
120 182 1
6 94 135
249 139 207
80 249 212
116 25 186
124 217 38
127 37 148
218 192 216
62 121 249
141 9 76
8 203 130
178 206 150
202 228 32
228 9 208
91 146 153
213 116 181
28 84 72
165 15 166
144 241 54
100 116 38
205 148 54
246 191 18
4 153 83
225 8 232
7 205 146
209 185 181
125 145 253
20 54 156
14 73 224
137 78 168
106 80 114
166 95 139
247 87 246
57 130 235
78 45 233
20 205 25
163 68 186
215 71 88
221 151 117
207 181 102
56 107 21
109 87 119
111 160 209
225 5 43
26 156 61
200 147 113
159 136 124
27 215 17
79 212 38
137 57 225
164 188 25
189 131 203
98 204 15
35 81 205
230 168 29
178 65 23
16 131 116
122 13 106
50 217 52
161 69 154
245 202 17
96 223 25
146 196 198
38 122 118
239 171 201
205 239 7
5 217 78
128 115 106
212 38 112
125 160 227
159 186 244
202 52 219
236 213 114
47 135 73
107 184 253
71 146 255
49 104 79
255 110 152
223 44 77
1 151 58
248 220 63
247 98 240
159 118 114
27 79 98
62 3 197
149 252 140
48 187 242
226 6 195
235 2 181
36 191 62
94 109 132
223 148 133
71 176 159
134 239 32
98 83 224
111 118 221
225 144 102
83 146 12
148 11 225
209 73 23
10 244 195
237 34 217
60 224 206
196 12 222
251 55 14
131 2 20
44 49 112
241 252 139
154 143 97
97 22 110
145 229 154
170 41 208
130 180 80
226 7 236
179 164 234
109 161 72
212 245 72
220 153 229
73 244 121
29 205 246
132 82 55
205 255 86
160 130 87
17 86 202
198 101 182
246 159 221
57 43 45
73 208 233
56 28 252
181 129 60
139 112 227
239 143 27
48 131 8
62 44 143
140 57 163
234 55 239
8 175 157
30 131 97
14 247 205
151 232 90
16 73 185
87 169 246
9 178 233
26 119 104
147 100 203
118 108 144
158 38 182
54 231 24
32 243 54
131 94 131
134 65 24
62 35 15
224 42 163
240 11 165
193 189 227
37 121 155
179 160 238
18 13 48
186 212 127
196 233 137
11 20 126
9 183 21
238 73 219
111 113 122
182 128 68
164 159 211
231 115 19
206 244 199
104 47 69
0 70 137
53 39 41
112 39 54
176 101 105
26 152 4
158 79 178
156 254 99
102 255 81
228 176 8
246 40 75
127 140 12
240 64 65
20 248 113
174 26 56
182 60 41
132 8 6
157 29 225
156 20 118
238 76 213
198 240 228
225 23 252
169 115 5
109 122 122
24 115 130
173 170 5
20 115 245
29 234 133
126 42 174
38 243 248
186 245 153
194 208 194
85 174 209
222 152 65
51 107 251
208 230 181
51 108 127
122 58 150
121 20 192
112 112 46
33 94 150
187 224 151
173 223 138
49 124 184
67 160 240
51 219 230
37 89 197
38 121 138
68 208 26
0 180 13
111 196 236
49 99 106
25 14 167
111 166 71
146 133 244
167 31 22
65 124 62
54 4 96
112 167 79
11 17 172
110 12 61
216 48 142
15 39 219
177 130 154
72 31 161
21 168 25
78 195 142
61 174 77
28 122 88
33 99 127
50 231 72
232 206 218
226 89 37
230 48 29
210 87 118
6 37 43
28 119 148
47 200 196
31 172 178
44 76 229
35 113 23
254 93 166
46 34 23
21 213 62
185 92 107
38 12 34
196 215 191
22 77 24
90 57 80
102 214 207
85 86 156
2 31 220
39 239 33
17 204 5
164 235 221
164 252 117
186 201 51
49 63 117
185 70 92
201 213 195
216 152 102
92 54 146
162 230 192
105 48 220
28 101 254
24 84 79
144 16 67
85 134 87
232 6 238
213 67 243
100 26 210
40 228 150
144 30 33
81 137 191
5 229 213
137 214 194
223 180 155
215 87 149
224 35 47
51 96 231
197 75 8
22 126 42
98 121 246
119 69 86
216 232 156
188 26 231
208 105 254
128 234 206
168 88 59
141 53 184
95 223 228
32 114 182
32 74 232
157 110 161
208 114 23
16 245 30
5 166 91
96 167 219
255 235 135
110 253 41
192 163 102
67 116 139
14 106 48
33 218 200
55 131 238
18 178 6
231 31 227
156 40 93
17 217 145
108 17 240
12 61 100
38 247 250
72 171 64
70 51 181
218 141 59
207 183 186
228 45 216
100 157 139
209 208 119
67 55 16
221 255 102
217 200 166
216 29 96
52 62 165
21 20 120
116 147 174
167 0 50
154 5 169
202 6 152
104 86 27
105 242 22
204 214 61
252 201 180
47 141 200
89 22 75
201 152 97
219 209 98
220 182 232
2 225 176
232 219 158
77 51 14
109 163 255
44 143 213
89 52 180
127 139 81
155 161 99
4 104 203
195 83 46
125 164 207
7 20 39
42 106 64
85 38 37
113 130 87
126 127 10
191 20 65
24 2 79
184 120 193
210 32 57
197 226 49
255 148 88
131 75 24
174 212 178
25 163 171
177 123 177
51 70 239
195 88 24
242 188 2
144 106 86
4 145 100
249 232 238
197 80 4
240 57 46
103 206 228
245 11 208
76 174 133
238 139 3
80 152 219
165 233 165
91 28 181
152 22 97
135 194 245
107 98 101
13 16 198
96 81 144
204 135 97
189 79 106
115 223 126
139 67 80
89 48 236
47 62 183
153 244 6
142 151 100
75 11 66
51 10 131
224 143 114
247 244 201
65 54 144
139 189 132
237 101 7
22 83 147
114 184 22
6 183 4
60 240 36
226 216 44
19 212 136
202 159 45
25 165 161
11 227 61
8 42 202
245 82 210
129 89 236
103 143 60
201 151 171
206 93 145
228 230 127
118 159 1
200 161 14
237 191 147
226 110 39
24 188 58
135 75 15
144 169 49
216 233 244
9 41 61
52 189 242
146 100 72
193 3 30
106 200 38
168 172 81
179 128 2
42 239 13
115 217 205
122 222 16
205 171 184
27 161 133
200 55 54
133 151 165
82 97 10
200 82 93
39 183 241
62 233 161
171 25 247
132 127 34
69 54 229
4 230 240
212 18 196
166 61 255
127 188 183
137 1 237
145 56 197
243 153 204
123 38 52
84 239 127
43 241 62
54 60 99
179 29 138
62 112 223
68 179 158
93 123 206
255 250 213
210 93 159
114 16 13
16 23 108
38 92 3
204 121 113
100 200 215
203 137 76
55 198 219
229 18 55
100 212 137
119 66 46
61 187 145
72 104 28
144 177 187
197 201 237
109 73 191
230 240 14
221 207 114
0 111 7
165 211 65
134 130 213
217 147 49
150 225 216
123 180 16
96 199 249
142 239 89
12 190 26
202 22 101
125 1 143
172 191 231
102 71 119
2 195 42
167 139 15
208 58 22
77 41 153
122 187 41
52 4 82
113 186 101
152 223 4
231 140 178
169 48 254
67 87 96
44 244 240
4 8 28
171 71 227
142 18 104
90 22 224
156 231 200
179 86 136
167 79 179
103 145 156
196 107 206
140 47 64
139 5 128
54 235 172
115 115 136
190 126 98
173 128 229
19 249 127
89 237 207
133 233 199
161 238 38
84 55 98
153 48 63
137 118 205
27 186 242
212 115 210
132 230 19
14 16 155
94 105 148
248 134 168
217 170 0
95 213 95
90 103 66
68 53 61
232 42 153
74 53 162
54 218 151
147 34 67
215 112 61
22 168 166
217 241 20
201 9 202
240 99 113
10 172 187
207 203 145
36 140 188
29 226 202
253 165 83
213 222 156
165 122 229
233 100 12
13 226 191
147 38 77
139 192 221
90 206 19
179 49 163
67 255 110
173 28 123
9 254 102
198 89 40
183 36 130
198 222 179
242 178 13
197 127 34
215 148 142
207 120 164
67 170 123
193 127 136
106 242 201
41 132 28
209 188 49
45 218 88
128 93 150
15 86 76
118 252 105
198 36 85
220 161 159
8 43 145
109 56 202
36 128 82
92 12 168
16 226 91
209 13 26
95 19 164
125 231 182
15 122 162
216 242 37
126 1 151
83 143 100
144 192 148
67 147 200
157 35 187
22 125 42
22 191 99
16 177 169
212 6 188
210 201 242
172 38 165
173 90 176
156 26 60
121 163 59
187 4 156
42 149 118
238 22 26
139 175 52
248 218 167
217 182 205
83 40 4
92 133 35
229 86 233
2 42 135
83 189 124
135 240 84
68 250 54
195 84 133
247 30 7
130 158 40
127 143 247
211 190 103
10 33 24
17 226 238
206 250 27
101 232 32
115 204 122
58 6 98
176 80 76
59 92 54
43 46 188
17 1 151
215 153 139
46 2 183
95 128 16
76 50 254
155 13 16
54 90 1
72 80 170
122 91 166
128 182 39
79 14 77
68 16 200
61 166 64
183 146 156
254 21 29
62 205 49
156 16 230
172 252 244
241 202 83
205 140 78
27 68 93
92 229 26
123 84 184
245 93 124
138 98 178
64 156 49
57 65 207
136 130 29
188 18 11
1 206 153
234 218 246
66 127 128
154 125 56
252 169 71
101 254 18
245 192 94
253 148 176
224 114 70
195 249 61
30 62 120
157 212 134
61 214 161
89 7 174
24 113 164
193 149 103
89 234 62
218 139 65
175 246 166
124 197 0
41 129 138
128 183 104
23 179 238
102 61 99
25 53 57
63 174 194
43 206 223
102 196 89
88 253 24
47 61 244
106 201 5
106 35 235
127 221 70
67 37 126
61 166 253
244 7 208
168 192 21
165 36 216
82 241 182
237 123 5
38 11 202
145 146 116
185 231 76
78 159 141
31 25 19
162 90 51
81 50 172
46 108 32
74 10 161
158 225 210
112 191 153
235 238 254
4 131 147
117 149 210
50 14 185
82 157 158
248 223 117
90 141 251
1 157 13
233 240 45
162 184 14
59 173 222
135 11 162
88 148 188
129 24 45
105 14 68
225 166 209
238 162 237
223 235 136
147 116 13
3 136 179
160 133 12
80 20 37
88 17 34
193 138 130
145 75 142
242 225 132
99 244 77
230 157 245
152 179 249
138 111 143
64 169 164
131 49 107
122 232 61
186 166 238
93 35 69
21 44 49
77 229 192
204 115 223
78 85 220
154 244 253
205 194 229
215 200 106
210 162 198
21 109 108
162 169 32
228 231 194
223 189 136
220 59 54
45 11 195
41 152 213
210 82 104
77 34 82
141 3 132
0 201 229
104 193 153
9 168 178
166 138 38
129 1 39
87 186 82
237 142 12
136 41 144
198 158 104
58 235 159
174 209 105
3 212 250
85 197 67
104 106 209
241 178 154
39 197 206
129 107 138
38 186 121
8 13 78
178 247 7
182 55 7
64 111 132
39 181 192
89 164 201
232 173 191
196 4 84
54 161 5
123 142 84
3 170 106
40 168 212
206 144 81
114 39 68
34 140 5
149 44 114
43 41 165
123 228 101
93 250 231
84 230 21
242 151 198
119 184 57
10 68 85
137 58 209
151 42 77
25 8 74
173 80 201
217 24 155
14 23 93
138 184 191
69 12 99
129 229 67
100 18 105
250 217 100
192 189 95
21 234 103
139 112 178
202 201 173
47 129 246
197 135 19
32 69 247
3 234 19
2 225 220
7 218 193
59 17 65
198 201 123
200 70 137
78 23 115
46 107 230
51 173 45
229 90 163
77 170 163
197 254 231
209 251 138
44 205 49
202 150 86
144 70 99
52 227 156
130 207 163
137 230 241
246 233 57
230 191 66
228 170 229
72 156 58
208 68 14
135 2 81
252 59 36
232 98 231
21 185 142
4 253 248
106 114 144
150 247 185
14 80 247
13 47 58
169 81 195
51 189 132
168 198 94
95 241 41
246 97 129
104 95 212
57 164 100
163 119 188
42 18 156
177 172 18
71 170 63
41 134 155
163 100 118
46 84 86
202 164 203
50 3 245
121 233 24
121 43 166
87 209 27
119 246 49
117 59 150
57 8 121
0 44 187
201 55 89
144 28 173
223 60 44
1 68 21
196 187 152
195 180 238
218 205 55
46 2 195
41 122 39
60 138 3
151 154 187
124 63 166
123 21 91
131 115 53
77 177 146
60 119 153
151 95 169
5 167 147
132 83 71
220 147 229
37 231 253
130 38 0
33 254 42
243 28 142
74 253 254
88 15 96
35 92 32
63 112 112
42 114 195
20 120 76
57 81 200
83 114 77
41 122 63
20 31 76
159 80 252
169 200 62
193 95 44
185 8 131
193 139 216
65 149 5
116 6 235
91 252 28
202 222 161
42 107 65
173 198 228
139 92 187
171 24 167
123 18 198
218 182 139
116 160 95
198 58 87
180 33 239
169 130 79
240 147 116
175 28 28
192 130 77
129 66 230
102 45 215
43 208 223
119 139 238
60 113 94
231 11 12
205 107 88
187 53 2
58 6 199
158 65 65
254 143 49
139 63 233
148 227 194
237 132 130
204 190 215
220 138 236
195 189 225
96 248 79
47 112 28
127 4 79
164 253 224
22 111 22
90 216 138
30 150 245
99 214 199
28 242 142
49 249 34
207 132 69
11 25 231
159 78 50
155 1 123
145 17 193
249 76 188
92 127 221
51 130 58
33 7 243
150 179 21
46 60 98
105 57 17
105 134 56
147 175 164
226 197 120
62 10 7
119 159 74
157 38 194
181 125 119
164 80 179
195 132 25
185 207 229
56 86 166
46 218 47
64 33 240
95 156 133
198 96 112
101 164 250
158 183 43
173 97 137
92 113 234
182 104 94
85 15 166
61 65 48
37 5 245
238 226 89
144 240 0
36 28 153
181 197 183
210 113 177
139 175 33
242 115 86
182 110 120
105 73 193
248 144 23
140 215 47
223 0 167
145 157 186
239 119 75
226 100 211
99 29 249
161 205 130
110 192 17
210 223 7
203 127 72
107 83 13
55 249 79
149 147 82
53 37 99
160 198 214
192 50 76
35 76 145
107 33 59
239 175 87
97 189 253
3 36 27
43 211 93
114 6 185
205 67 26
38 68 121
91 200 55
179 168 109
29 218 61
126 197 249
8 70 240
178 103 206
21 49 103
13 92 133
89 114 180
244 63 209
35 210 214
146 192 45
33 17 176
91 122 41
131 71 119
51 12 140
149 180 127
58 42 245
43 69 255
58 167 125
243 40 202
127 122 224
63 166 244
163 204 127
203 23 58
6 165 113
209 180 152
217 158 94
127 118 247
159 40 67
148 90 170
89 241 71
38 132 208
72 112 124
202 52 89
32 52 37
222 209 222
2 113 2
226 57 20
19 146 164
219 170 96
163 127 205
182 166 185
182 17 253
6 78 167
17 93 194
69 80 73
25 51 220
80 107 181
118 76 99
178 68 235
227 51 232
122 201 13
177 10 68
196 173 186
232 244 87
109 240 122
119 41 62
166 59 12
242 109 220
29 92 160
215 18 220
137 127 152
88 191 115
115 202 186
32 115 80
233 232 84
236 139 240
139 84 92
173 13 62
135 41 12
158 7 71
94 40 198
221 202 188
253 76 86
140 206 92
99 2 79
8 21 166
80 212 17
78 23 159
207 63 21
208 71 54
83 137 89
205 142 39
85 157 95
20 56 99
74 168 40
144 243 242
120 11 92
77 45 153
81 116 45
239 22 26
239 152 169
201 41 17
57 126 136
149 152 225
164 43 220
169 51 44
242 213 12
94 144 182
95 228 109
199 67 156
182 69 250
208 0 216
182 86 2
212 78 125
80 83 168
234 19 44
122 226 207
234 118 154
168 218 138
180 92 246
37 44 50
223 99 106
199 91 112
95 197 125
54 33 251
130 107 13
217 154 79
202 181 41
243 191 85
47 235 236
132 165 92
83 41 14
177 73 36
35 138 35
94 241 225
178 152 109
243 241 118
162 119 167
18 33 139
74 0 233
142 44 212
120 157 94
15 203 203
125 177 6
209 65 101
168 206 162
94 32 132
142 138 185
10 218 64
39 204 200
50 53 118
189 95 147
206 163 99
169 51 190
149 213 134
105 253 11
196 172 46
86 130 12
110 253 70
132 87 224
72 234 143
237 61 207
255 194 234
153 232 64
51 38 70
232 128 81
19 249 190
32 211 196
57 9 147
118 36 145
78 198 26
59 219 249
220 77 20
211 162 138
59 9 106
195 162 134
194 112 82
217 218 161
103 200 133
3 243 190
101 68 223
25 184 119
170 107 192
16 220 163
27 147 56
45 219 125
243 69 47
230 15 72
146 19 198
215 219 246
113 56 47
140 199 127
243 225 6
213 129 196
207 229 179
184 148 92
199 57 100
39 13 95
16 217 89
132 119 114
73 149 196
113 158 231
206 54 169
46 52 175
7 60 0
180 89 190
196 102 88
107 69 4
157 107 163
13 87 79
90 53 241
81 141 205
232 211 41
55 18 116
1 138 124
172 175 254
213 8 22
41 232 117
78 247 69
163 19 230
249 80 126
97 187 55
175 225 4
56 51 118
214 180 98
103 115 126
248 42 106
50 100 131
194 237 128
142 109 179
86 195 245
246 3 111
2 2 95
171 138 157
101 96 232
122 171 31
186 46 33
160 184 85
182 191 136
148 10 40
86 180 251
218 170 75
208 125 185
166 202 130
101 109 1
147 226 107
111 132 253
178 115 251
223 206 145
109 47 243
211 160 54
216 211 158
135 246 28
14 58 13
103 50 58
199 95 113
174 86 146
182 185 11
85 145 182
31 112 143
143 188 19
18 198 116
113 20 34
221 53 76
179 83 131
129 241 91
236 117 116
182 244 194
107 45 237
141 101 204
148 90 140
104 199 40
100 66 98
224 193 25
122 244 23
89 0 86
155 65 34
27 254 16
230 146 23
92 92 206
3 146 137
5 190 229
48 54 60
200 87 94
174 74 104
130 83 119
180 45 135
72 8 194
255 183 216
142 215 246
176 148 198
14 18 223
150 74 28
55 225 91
120 175 252
243 242 230
2 240 38
134 62 85
143 254 181
204 241 100
1 79 22
2 7 187
128 134 100
255 156 36
227 120 128
60 66 223
140 224 212
190 126 168
0 59 237
19 39 142
201 139 81
170 54 4
185 35 169
110 200 216
156 202 165
140 67 58
253 86 23
217 233 43
80 176 175
179 2 193
74 108 82
141 19 156
191 117 175
23 226 60
121 73 54
219 19 92
236 41 82
158 68 94
90 117 58
200 112 209
129 84 249
142 220 205
32 71 16
46 45 135
243 136 114
221 34 117
120 120 130
86 6 160
83 227 152
125 191 79
83 198 226
6 108 50
210 144 230
208 251 48
209 115 28
97 119 226
165 72 244
25 29 237
28 62 154
251 99 127
143 200 139
221 150 189
244 33 139
27 86 209
78 166 164
107 15 228
20 29 84
218 128 68
171 124 139
0 250 153
238 236 227
146 153 9
8 219 227
147 131 244
66 211 174
15 35 242
159 144 27
68 93 32
174 187 238
134 202 169
247 85 40
199 84 179
87 157 126
195 19 209
117 191 117
105 22 227
106 189 184
164 8 44
220 210 72
201 2 36
20 126 44
122 249 252
146 100 210
247 179 232
27 171 101
144 80 37
180 247 210
20 186 101
64 231 111
27 91 28
86 246 51
209 61 31
22 176 50
98 22 104
154 169 211
97 192 71
104 140 196
50 67 104
101 180 13
131 206 53
164 152 48
134 45 194
84 114 89
204 152 214
86 174 38
54 201 108
16 28 110
155 142 216
84 204 252
30 206 179
23 233 103
207 243 133
170 149 166
200 72 95
255 191 27
151 18 234
59 152 202
6 57 153
254 150 87
27 98 216
149 3 255
54 156 182
15 157 69
167 201 206
109 104 1
243 53 137
117 186 112
125 183 203
233 212 161
95 92 102
246 41 109
77 15 140
177 141 185
97 134 104
192 76 195
242 192 253
79 196 108
120 53 181
140 205 180
143 184 96
52 112 113
230 49 68
46 18 188
254 94 13
15 152 136
36 79 119
12 96 182
8 114 241
3 199 155
208 115 83
9 151 147
139 60 137
193 192 129
3 215 57
135 160 22
230 230 98
204 115 35
43 232 169
116 160 229
175 182 163
117 157 75
130 135 147
17 181 199
216 28 88
98 129 192
30 50 138
237 46 87
153 248 136
126 182 80
75 175 32
252 125 137
88 122 210
31 19 210
255 214 76
101 36 159
3 116 81
63 70 145
194 89 160
182 122 96
73 0 250
38 52 99
196 237 163
12 105 50
37 6 149
224 219 121
2 224 234
224 81 64
57 30 91
102 140 253
129 30 19
184 182 228
105 69 36
71 117 71
65 199 199
227 206 157
108 221 121
109 55 72
171 17 25
108 163 254
229 178 194
26 182 214
8 112 163
106 172 150
244 79 43
64 144 11
252 115 191
74 168 188
109 250 188
117 26 107
86 137 118
4 189 204
247 60 28
198 54 252
249 101 7
46 34 160
61 73 184
18 253 250
98 206 125
173 100 232
159 51 18
105 78 6
3 70 55
125 92 220
127 201 188
190 102 234
184 95 246
239 224 169
121 86 6
63 13 253
241 238 201
193 147 6
30 50 68
224 141 38
92 130 84
195 83 140
76 167 67
90 149 187
42 36 89
229 124 180
90 73 188
237 255 255
88 216 250
66 128 79
90 33 109
75 188 187
195 135 54
160 35 35
91 168 23
47 16 227
192 142 235
11 165 56
14 42 115
178 136 150
77 8 93
85 79 183
206 120 17
252 226 38
8 67 233
25 65 7
27 20 194
170 118 246
151 237 19
31 100 10
205 87 192
66 157 76
21 67 22
4 210 153
62 179 164
230 61 189
105 181 31
199 252 132
243 7 146
141 104 53
139 244 56
100 213 49
130 84 40
246 75 234
59 99 129
93 19 207
91 44 236
70 193 217
28 100 141
171 217 18
106 168 82
47 124 62
76 151 25
106 8 138
115 100 97
177 161 92
202 229 155
57 203 193
63 115 22
8 239 94
216 100 27
70 23 246
5 116 119
134 2 137
60 88 46
225 227 225
80 229 181
1 113 52
25 180 54
85 117 22
61 159 187
230 223 155
93 69 88
186 179 209
40 123 220
24 187 191
107 62 72
197 202 3
193 20 253
37 74 150
196 122 236
217 20 157
44 7 156
223 174 66
97 200 46
92 162 184
30 60 253
235 195 251
141 160 139
201 196 190
146 9 235
149 240 161
140 0 39
87 111 115
24 72 12
52 99 38
170 164 0
150 242 207
202 150 101
195 65 188
234 50 215
49 49 83
15 169 47
141 112 227
249 76 184
27 48 46
23 103 30
181 183 210
31 88 199
38 127 169
89 10 4
221 108 192
79 174 120
65 125 60
137 53 73
160 236 22
142 93 142
208 169 227
210 166 232
106 241 5
28 195 139
149 214 50
101 67 222
195 40 210
204 204 201
19 225 142
124 187 60
178 203 53
112 192 254
59 102 122
59 231 80
255 217 242
51 82 253
210 193 33
157 147 81
25 113 111
116 50 60
187 209 31
113 34 149
182 193 34
95 187 119
214 225 247
70 131 104
122 84 133
233 40 56
40 164 156
42 45 208
80 37 152
204 160 211
169 81 231
59 225 231
178 164 21
87 148 120
89 250 203
253 141 82
75 31 189
219 234 230
164 126 248
164 215 224
95 144 163
221 183 55
146 43 251
189 115 14
204 165 164
231 35 68
28 67 185
81 207 65
79 90 56
161 53 252
211 113 209
196 4 98
105 216 191
250 140 107
251 179 242
5 144 64
143 8 176
180 73 196
165 18 221
172 233 42
240 24 84
31 167 97
75 132 235
36 225 249
146 115 41
20 8 48
207 40 226
50 204 33
2 192 43
110 212 134
127 102 30
69 92 107
177 255 144
15 236 228
49 200 195
233 229 247
0 170 243
164 205 111
47 94 133
210 95 53
158 232 68
39 0 35
129 103 211
142 120 194
75 132 130
124 60 68
137 153 184
173 178 12
173 133 41
58 214 101
50 128 7
139 174 40
177 15 76
91 35 42
218 202 196
116 122 224
237 237 60
199 68 159
175 30 255
166 182 221
13 182 56
213 49 19
236 77 17
244 7 77
128 164 86
41 29 249
230 106 242
83 239 162
246 89 189
252 35 154
141 254 119
144 253 158
15 227 220
230 148 188
194 12 138
153 21 18
110 184 46
77 112 196
5 97 169
170 193 99
225 68 146
174 24 90
43 29 58
141 14 64
241 194 237
30 99 162
27 3 166
93 75 113
181 127 102
48 128 106
161 60 146
129 28 251
226 209 74
93 84 85
39 141 106
215 160 114
253 239 153
99 232 134
165 42 173
229 20 11
244 76 17
140 217 77
22 77 143
205 255 130
231 32 184
124 128 96
140 145 227
246 130 232
229 205 156
223 172 73
181 171 171
84 198 201
243 255 147
190 209 162
75 117 106
134 126 4
59 26 228
153 238 5
223 206 226
32 225 24
128 76 109
211 134 163
168 74 74
106 53 246
73 150 230
63 35 36
153 181 79
140 200 118
163 144 71
2 216 11
98 168 105
4 225 1
229 79 190
60 219 250
138 117 194
34 230 216
228 169 199
210 16 122
187 143 245
61 36 124
180 57 181
144 228 149
208 28 29
159 79 27
246 37 78
21 49 190
10 51 242
58 230 149
58 74 123
80 59 106
11 184 140
124 174 18
58 53 233
88 60 52
101 235 40
195 9 56
147 120 94
42 107 157
105 131 127
75 43 84
154 192 61
117 224 54
51 96 14
255 12 247
24 117 79
222 25 45
83 173 10
212 121 70
99 218 151
250 164 156
58 18 40
97 212 145
34 15 68
18 10 173
218 160 27
242 136 255
232 67 82
63 127 202
211 80 255
212 174 0
124 229 150
178 157 162
210 215 73
49 62 117
143 242 133
74 143 116
245 184 34
252 137 15
184 0 107
28 90 59
156 248 158
249 91 125
170 215 9
43 74 136
127 150 80
121 109 209
14 87 147
167 153 22
29 97 133
163 199 163
124 13 241
182 57 42
141 113 66
22 120 37
52 66 212
175 159 161
153 177 197
56 114 254
127 214 133
163 94 181
134 165 107
176 85 199
183 142 151
225 204 85
97 13 241
217 199 177
97 241 131
201 245 194
77 159 138
98 131 20
141 183 29
181 156 146
59 146 46
150 115 163
121 242 96
113 79 50
175 38 165
89 137 2
75 31 110
72 214 111
12 212 79
16 170 70
120 222 94
212 15 171
230 92 66
88 118 177
176 59 122
127 75 96
194 253 46
134 127 190
130 43 156
46 181 228
153 176 104
203 167 145
112 54 27
33 74 143
152 145 14
209 14 61
213 224 207
195 11 63
171 226 30
31 76 139
242 179 127
37 144 248
174 10 157
141 203 214
77 205 163
66 248 143
163 147 142
247 184 154
157 87 15
236 36 0
207 126 255
232 111 195
161 74 91
82 100 27
218 43 115
104 48 46
235 224 161
66 124 162
249 106 189
42 129 199
226 88 25
154 242 85
174 6 141
110 29 112
109 241 71
236 211 140
36 199 33
166 233 68
23 212 37
125 200 8
133 200 26
165 172 80
5 3 69
201 242 205
202 238 126
236 160 65
187 208 135
91 12 121
34 106 84
244 32 60
205 204 22
221 15 68
10 154 38
80 181 68
68 19 107
185 172 44
163 167 93
159 193 98
52 23 23
139 213 158
1 58 69
187 168 118
44 161 66
72 242 143
24 37 234
34 182 17
8 16 42
46 186 194
13 168 82
101 153 126
179 67 132
242 123 238
243 28 58
38 216 255
56 167 176
182 133 18
203 204 108
122 101 251
80 236 35
72 122 170
212 137 18
100 136 138
248 159 6
161 178 61
19 248 234
4 40 146
117 199 84
36 126 155
92 120 52
209 217 55
98 242 208
213 92 209
182 32 134
144 175 233
74 253 56
102 41 57
28 195 147
154 175 123
166 4 202
14 31 208
152 121 69
32 99 62
154 114 144
234 172 241
68 240 166
45 119 168
79 204 235
191 72 76
21 91 32
219 234 54
81 169 161
18 28 80
82 94 180
232 79 212
250 9 15
9 21 188
195 169 223
115 251 237
191 157 26
13 40 87
166 179 24
202 197 134
243 90 30
41 42 156
112 39 177
6 255 41
44 116 69
248 64 70
198 240 225
242 127 248
39 249 174
39 68 52
144 5 199
56 186 37
45 147 218
155 101 203
49 102 54
208 252 30
211 81 146
180 19 170
160 190 39
220 135 197
50 160 33
207 250 205
167 157 37
171 122 185
255 214 119
33 152 243
35 85 119
69 214 67
16 239 198
37 112 50
51 56 216
79 138 25
232 121 205
37 137 177
71 36 112
124 119 246
180 239 146
160 23 18
169 151 242
213 233 71
109 34 33
97 232 223
40 156 251
98 195 110
118 179 188
137 177 72
51 68 169
27 145 34
45 20 186
233 242 224
63 75 0
82 110 191
186 121 166
45 134 214
76 203 152
217 253 41
223 106 67
146 188 186
20 132 203
154 119 167
38 133 244
36 71 172
120 113 245
13 172 90
243 239 50
197 87 220
120 211 146
160 51 236
125 254 23
159 161 117
33 151 197
170 186 48
64 195 70
30 201 67
213 100 144
232 142 6
98 232 54
20 13 63
118 86 92
5 68 60
113 162 102
245 173 166
159 24 16
50 221 54
27 110 30
89 230 98
211 143 163
10 162 81
123 28 84
141 109 182
1 12 233
157 237 46
243 211 142
78 25 135
178 68 121
156 253 116
25 120 21
137 192 93
120 152 146
165 244 110
184 35 243
92 241 214
232 15 59
133 247 243
52 53 253
75 212 239
101 229 198
63 239 44
201 220 77
225 90 246
34 232 88
213 143 244
220 221 188
164 199 104
252 121 198
9 44 219
205 24 174
25 137 104
238 200 239
248 195 185
58 26 183
137 206 188
214 199 237
238 219 99
216 64 63
155 163 8
32 123 234
131 218 202
218 234 38
8 20 45
139 244 69
211 167 70
171 33 170
95 85 231
247 90 184
138 74 20
107 103 198
50 161 5
41 75 157
222 251 127
30 17 90
66 56 111
157 158 186
140 36 66
196 212 226
167 105 219
47 44 200
106 244 7
243 161 38
93 78 54
4 173 128
230 191 207
3 164 100
85 169 82
245 185 134
228 1 18
67 246 238
49 55 207
55 164 174
173 202 169
65 30 121
189 210 206
220 216 171
68 243 44
133 254 186
174 137 49
129 125 32
185 19 11
204 51 160
247 73 195
249 251 59
174 134 69
92 165 41
38 47 245
181 247 96
90 114 129
17 0 82
212 56 9
59 36 114
195 53 37
188 105 37
205 253 36
191 45 124
66 48 115
148 237 174
172 136 253
48 70 45
66 57 115
200 113 47
35 203 26
140 176 107
1 170 156
37 241 129
192 255 118
164 210 4
201 162 246
38 89 75
82 111 191
148 170 205
44 21 207
247 55 112
239 158 177
202 95 72
92 98 169
14 120 183
208 110 159
242 75 124
202 121 226
18 3 168
216 243 110
107 139 240
92 139 29
80 80 129
195 14 78
5 21 169
73 135 39
154 160 140
195 203 249
30 159 254
252 65 243
86 241 15
41 137 212
122 12 50
231 40 245
168 1 172
236 193 148
79 4 124
120 4 44
121 202 27
178 106 230
210 46 182
52 115 191
122 63 103
11 90 80
4 118 74
181 72 34
221 69 47
214 192 122
106 112 247
175 20 149
151 33 36
75 81 3
122 109 123
77 173 122
77 202 50
57 41 250
250 143 30
121 127 203
143 202 60
117 31 245
46 242 195
137 165 139
6 79 25
40 250 118
160 209 126
26 46 2
52 220 79
21 218 181
95 65 107
87 85 165
77 56 72
93 92 177
47 37 216
16 53 131
154 123 90
63 109 214
191 119 216
18 206 249
160 139 183
33 21 152
183 171 92
166 59 151
16 68 65
94 98 174
30 10 130
127 85 57
65 235 17
147 214 118
143 229 191
184 201 50
32 147 221
36 144 61
32 137 59
8 192 209
8 92 148
189 29 240
14 154 216
196 20 20
97 175 116
245 79 237
244 22 44
131 154 9
46 67 81
13 227 47
249 124 8
55 80 48
221 32 138
218 24 219
161 147 28
157 16 245
110 45 242
173 236 148
55 194 82
106 94 139
61 36 130
15 114 69
75 133 49
116 34 174
219 23 232
108 197 243
141 106 40
53 195 205
59 243 254
145 227 125
222 248 207
203 178 253
59 120 110
229 208 58
163 186 26
52 144 179
115 49 47
225 158 107
106 77 8
223 128 70
160 176 139
115 113 181
122 225 42
33 143 24
42 172 71
222 193 25
2 125 203
7 171 89
124 6 190
6 88 110
74 196 163
119 198 52
12 73 176
67 163 2
1 1 245
192 130 135
111 47 203
160 225 105
68 178 97
186 198 150
34 24 212
192 168 17
192 229 51
51 98 58
234 1 76
120 244 2
206 93 22
23 94 191
108 27 87
29 28 239
232 42 79
7 141 69
216 197 124
94 110 241
4 132 143
23 188 149
184 48 175
196 88 204
96 215 28
18 170 107
74 239 132
129 42 136
14 26 11
48 92 130
228 177 23
16 96 131
38 135 35
211 29 239
87 226 176
203 97 187
82 75 241
28 129 202
78 219 213
237 233 254
102 19 23
181 49 142
241 100 66
27 39 206
167 48 85
116 174 101
121 44 79
9 132 65
107 83 106
123 214 166
255 179 114
90 205 148
36 240 214
140 43 175
2 51 30
102 226 34
200 41 187
87 149 74
38 88 253
170 2 31
2 81 9
179 222 197
146 198 175
140 238 35
68 166 149
111 58 5
234 55 95
135 175 3
128 128 247
31 130 86
141 119 86
84 0 154
73 103 189
197 78 214
155 230 213
235 159 116
251 44 76
55 19 113
100 204 34
15 131 5
253 186 218
21 143 93
226 82 237
201 159 3
49 168 196
225 86 86
170 192 198
202 82 22
174 3 89
155 125 63
76 42 160
156 154 60
146 109 115
32 101 68
219 111 32
149 213 86
44 33 222
38 35 78
160 160 106
66 123 147
19 201 155
253 7 225
57 146 200
39 118 107
194 77 143
193 154 69
131 90 91
89 118 69
60 200 20
213 84 23
230 54 149
180 165 185
240 170 103
119 213 77
142 164 217
139 135 228
89 44 229
138 171 14
147 64 169
68 131 21
106 169 25
222 91 205
143 248 212
139 79 131
184 66 132
15 25 167
91 165 89
59 65 49
148 245 208
219 249 2
155 172 96
47 142 235
117 191 72
121 24 252
147 163 98
50 76 103
254 244 88
102 169 4
181 195 31
233 26 254
231 189 58
218 25 166
31 90 111
117 13 243
192 156 186
217 82 61
80 7 155
175 213 29
233 104 64
35 221 85
181 208 245
125 67 178
246 111 233
106 132 60
177 39 51
147 51 195
152 46 182
163 124 79
103 69 173
92 13 90
14 77 178
176 156 172
48 45 253
211 48 4
41 136 156
162 249 68
153 235 171
240 102 134
206 112 184
27 113 22
150 39 248
174 229 156
239 220 50
10 27 249
82 103 77
84 100 193
175 252 130
81 102 116
134 200 175
24 204 145
193 177 212
154 96 34
208 160 211
187 247 43
252 178 254
158 48 69
6 54 82
142 177 11
1 215 105
202 82 49
213 182 92
203 122 224
175 167 89
15 59 224
108 198 10
36 226 109
109 245 125
234 223 221
207 232 111
30 134 242
90 103 104
169 12 145
70 65 103
202 134 39
133 204 147
181 79 52
154 218 235
159 5 232
154 103 47
64 153 66
208 34 49
206 1 4
41 24 224
72 141 209
239 248 80
148 96 14
80 15 246
185 212 9
3 116 217
140 194 173
168 232 227
159 131 155
37 84 85
72 244 147
36 21 236
11 14 29
109 20 36
195 140 103
69 164 245
58 189 63
190 9 240
125 57 10
161 34 113
166 11 169
202 97 50
126 141 46
196 4 150
191 198 228
104 220 102
238 85 48
130 76 155
223 60 56
173 249 81
203 212 3
233 18 14
9 92 189
172 145 231
145 157 71
233 20 158
16 194 13
143 198 53
20 148 10
150 170 109
94 91 231
106 132 13
249 174 215
16 28 136
110 219 230
36 196 184
115 186 194
175 68 13
154 211 132
53 66 170
168 213 152
143 120 117
240 145 241
156 217 105
54 157 98
69 129 64
78 26 10
215 210 93
147 14 245
167 21 36
204 104 138
32 1 9
185 70 206
43 26 249
216 122 251
152 221 49
165 188 89
149 48 56
133 191 51
252 98 131
31 107 109
133 237 178
38 61 37
207 226 224
50 246 211
28 183 156
107 52 99
186 150 147
75 208 63
200 186 252
45 19 46
203 153 239
166 168 61
79 166 40
140 100 229
145 109 18
157 255 72
231 84 121
251 68 203
185 139 65
49 252 96
225 233 144
113 180 75
63 218 83
123 87 116
215 30 131
189 89 18
252 15 107
63 232 144
31 196 238
240 250 37
192 59 104
168 60 192
187 236 134
255 98 162
4 219 11
93 228 39
160 212 51
244 255 94
185 151 110
126 137 8
37 115 155
209 137 60
240 212 233
6 140 116
166 184 106
201 107 17
211 147 246
42 21 244
186 94 127
194 119 4
171 188 251
221 36 61
74 197 31
116 78 250
11 76 132
75 181 97
14 219 104
222 149 140
177 116 126
8 45 30
90 30 102
59 208 176
230 7 4
31 237 167
174 54 92
42 154 173
153 113 162
172 61 139
248 208 229
67 156 125
5 202 158
11 128 108
57 188 243
142 20 2
64 252 219
243 83 48
227 255 63
94 230 2
154 165 98
216 85 193
101 232 217
203 124 226
246 196 238
183 125 202
32 21 150
71 199 16
186 30 66
81 18 59
148 211 243
13 123 57
192 134 73
14 65 14
12 64 65
36 157 94
62 217 141
103 91 207
215 184 244
64 220 69
96 167 71
35 210 162
64 66 3
110 135 142
245 235 226
59 19 90
121 171 48
166 138 137
95 155 86
99 199 129
30 94 59
105 186 90
156 109 161
130 18 3
209 68 83
21 5 104
228 228 65
235 51 38
79 241 60
29 250 251
11 113 106
114 5 223
10 139 67
23 230 25
208 49 123
29 108 58
144 58 35
227 176 48
93 21 8
44 76 231
184 183 233
210 181 238
213 92 234
235 32 101
155 24 128
141 67 156
104 228 114
14 184 155
167 212 28
79 68 17
49 7 37
207 94 59
150 117 115
26 43 86
191 136 57
177 72 225
85 137 157
11 76 73
250 223 165
60 242 93
103 231 3
182 67 231
82 120 98
207 241 235
30 107 138
224 238 176
132 178 241
241 133 139
109 221 55
165 80 147
243 158 153
134 96 164
169 122 175
81 62 55
189 116 127
201 202 40
67 9 150
194 138 151
212 174 22
77 130 152
73 29 231
111 62 142
196 59 105
41 5 199
163 187 175
212 105 167
85 166 117
22 222 9
51 113 220
154 158 80
74 41 127
189 164 171
178 32 75
204 238 7
165 57 226
57 183 67
24 173 174
194 139 31
156 65 0
250 221 249
93 214 166
243 86 159
148 238 138
58 10 192
30 175 63
123 191 43
222 98 83
100 199 98
126 229 219
115 46 121
148 123 237
140 48 135
145 218 221
19 124 163
5 230 42
147 36 1
218 78 75
136 163 92
227 81 15
131 64 191
28 105 47
104 143 111
190 217 197
78 41 90
97 110 200
48 29 255
196 245 225
211 32 45
209 99 61
66 112 143
81 108 223
160 132 156
207 33 203
233 85 235
231 147 236
77 52 104
56 46 137
123 9 95
170 154 111
232 69 244
87 138 42
45 123 215
186 134 2
96 162 156
176 207 138
47 191 136
195 52 155
199 149 78
108 239 64
249 11 146
16 219 108
136 94 95
213 5 105
236 133 212
82 48 14
15 126 134
148 88 1
125 166 52
79 41 140
21 198 173
224 239 154
35 38 11
173 35 151
164 111 41
149 41 37
146 227 46
200 90 41
17 169 145
141 151 125
124 211 204
249 102 81
160 232 239
147 158 235
110 71 178
87 226 250
220 129 131
113 184 201
253 176 27
239 23 237
3 97 62
129 123 59
94 24 166
66 144 97
25 210 252
64 91 45
48 119 104
74 172 184
172 59 35
191 207 216
128 157 185
20 205 12
56 78 210
26 16 217
151 91 86
90 20 225
16 141 37
191 233 202
171 224 142
154 41 142
18 236 142
145 112 239
208 151 157
27 19 213
250 152 66
120 165 215
251 27 114
204 143 179
51 240 95
217 61 25
252 180 185
253 77 123
251 244 12
244 170 200
255 155 155
180 182 4
104 14 88
136 129 98
90 242 62
40 233 57
72 120 53
170 105 156
216 233 177
193 188 65
115 247 150
174 215 17
109 76 227
50 169 254
250 199 126
105 228 206
66 181 144
161 162 54
63 18 28
2 71 20
76 50 172
198 39 27
145 77 205
56 129 157
199 55 187
67 29 13
38 231 88
39 69 49
137 43 162
9 126 210
108 233 251
66 3 25
62 128 45
242 129 211
148 239 35
61 178 99
45 9 51
225 136 165
17 49 116
196 202 180
151 110 139
28 152 24
237 80 32
223 79 226
201 147 155
116 142 133
177 180 44
126 77 217
42 106 23
84 23 35
70 65 179
76 39 122
45 92 191
102 136 21
7 213 110
104 208 59
192 105 117
110 187 70
85 10 25
237 222 121
243 112 171
207 235 71
98 66 192
28 104 203
22 83 157
131 18 205
88 51 5
112 238 114
20 166 37
160 245 113
126 161 41
176 83 243
34 98 185
170 143 225
102 53 194
139 185 209
63 163 134
48 71 157
13 93 108
215 187 112
79 87 190
57 25 3
210 211 84
223 155 115
157 42 154
163 13 210
35 114 253
165 174 209
149 233 62
243 210 186
127 115 129
55 170 25
197 170 47
5 16 153
112 213 142
144 121 174
253 243 94
3 47 77
48 17 244
169 180 184
239 33 41
129 253 183
58 83 125
12 98 205
2 185 103
234 164 156
223 126 113
183 80 120
12 249 198
177 162 125
46 45 126
186 108 53
7 225 153
41 24 222
32 178 132
215 4 242
111 133 47
42 195 119
229 166 107
82 32 18
129 113 131
27 170 233
26 48 48
94 1 93
197 243 104
223 168 119
105 18 42
226 21 197
239 81 153
68 121 85
147 174 78
49 62 3
96 238 55
21 101 173
89 210 2
163 101 115
84 148 173
3 147 21
116 144 107
229 216 36
153 133 86
213 3 179
170 71 89
176 82 4
126 144 185
202 118 74
42 201 206
164 94 161
179 139 150
58 236 176
48 54 91
64 193 106
154 9 226
155 229 3
3 103 159
110 22 18
59 172 80
78 9 22
186 159 248
225 80 42
12 93 229
76 159 28
53 186 227
179 129 165
124 65 245
33 86 6
219 118 209
146 189 92
178 20 229
248 89 67
33 188 104
120 246 102
161 223 251
152 191 6
123 210 34
24 198 228
18 138 16
123 32 56
159 38 111
108 53 9
180 182 191
183 233 37
173 234 201
92 38 102
137 49 172
8 160 221
222 198 200
134 162 244
99 16 211
112 81 255
148 70 70
42 156 45
105 129 5
12 136 199
206 241 131
182 187 150
121 19 73
127 63 32
180 186 176
121 166 39
30 150 229
110 189 46
201 189 36
229 239 122
218 96 140
181 130 185
19 100 190
205 4 106
162 143 222
255 5 66
0 190 230
118 250 14
84 239 213
42 143 255
177 247 233
113 163 18
71 144 232
67 16 190
90 244 214
36 89 131
186 21 186
143 32 85
52 106 32
71 178 110
218 69 235
225 52 72
45 54 142
207 27 1
227 204 150
73 33 240
244 229 110
191 61 61
8 26 242
119 205 245
25 141 151
177 43 33
156 40 55
212 78 19
201 184 117
243 29 165
240 125 144
178 250 23
171 166 250
176 185 6
196 47 108
64 31 28
110 178 23
128 32 151
178 4 3
227 92 222
57 229 140
185 39 32
224 197 112
27 102 123
94 129 101
58 127 112
210 239 160
103 244 151
210 220 50
0 118 123
117 22 173
225 248 24
90 82 168
144 113 218
160 76 38
120 255 195
245 8 66
203 50 30
162 87 196
229 102 213
93 63 125
177 217 97
144 104 19
111 7 66
36 178 88
208 165 2
167 212 3
205 182 199
152 98 165
43 251 232
121 63 111
233 57 163
0 51 119
134 32 117
134 181 72
31 47 192
142 223 176
93 168 154
162 37 57
82 28 98
57 129 71
150 238 3
233 229 16
57 186 46
143 148 177
154 241 13
229 185 160
233 81 122
149 92 172
186 86 147
42 53 94
3 197 102
97 15 197
250 181 139
194 137 171
96 64 65
253 209 0
82 90 200
196 138 243
243 165 211
203 212 169
28 1 255
125 189 140
255 64 72
156 133 98
207 9 196
90 143 120
235 16 214
234 145 21
143 14 21
47 195 60
173 187 152
64 143 179
51 229 146
157 54 121
170 151 135
234 3 154
9 4 71
251 55 110
243 79 193
137 178 42
26 89 16
91 136 8
10 130 224
38 145 151
96 61 105
98 161 174
67 229 29
100 195 22
33 95 98
47 48 121
112 86 24
135 154 200
138 193 190
84 245 6
221 178 4
82 17 140
42 199 241
15 116 199
213 223 77
158 95 250
14 243 95
230 98 139
98 210 211
14 192 234
165 10 187
58 104 115
178 97 147
91 176 89
245 104 221
235 75 156
93 21 163
139 122 17
63 155 144
115 213 81
60 120 127
222 151 233
214 29 156
169 7 86
72 205 213
223 173 237
6 74 83
229 14 58
26 42 214
31 106 27
45 93 142
118 150 3
194 251 63
154 85 81
93 238 206
158 144 6
48 161 3
165 33 36
14 243 107
254 48 34
209 103 110
39 123 180
97 108 160
7 165 45
112 129 132
185 96 116
228 114 88
238 225 159
27 111 86
43 220 124
200 106 13
187 69 253
65 81 216
50 238 133
14 180 97
67 186 218
125 173 155
124 5 76
249 10 173
76 102 232
196 252 143
134 212 168
243 101 175
233 56 144
201 107 50
101 2 125
228 126 128
158 70 158
255 12 137
41 149 239
109 209 8
245 164 121
191 83 249
227 90 211
17 247 233
122 207 112
216 19 177
21 223 57
205 136 108
252 166 105
172 129 86
175 171 186
174 118 120
227 54 43
65 60 189
156 153 150
33 217 79
210 25 101
33 53 49
36 154 227
68 139 25
114 228 208
234 100 173
169 70 228
106 29 137
151 213 121
20 218 205
19 72 138
53 138 228
184 110 200
98 199 103
106 79 175
15 89 250
5 111 155
75 185 193
134 151 219
100 80 191
38 51 142
188 109 49
253 95 211
227 98 112
172 24 226
230 65 0
157 178 118
232 18 250
213 78 145
218 27 209
59 193 12
62 87 4
195 134 12
74 28 159
228 185 79
104 43 178
120 223 3
182 20 243
234 87 243
155 166 110
175 6 59
175 123 33
249 193 133
4 114 70
111 216 149
15 13 110
125 166 74
250 3 106
221 112 116
32 61 92
191 91 153
129 13 218
156 157 149
211 93 93
171 69 155
199 64 73
34 159 208
240 242 203
94 214 229
230 195 208
216 116 58
30 29 17
28 54 244
141 200 57
234 147 254
176 39 75
126 153 50
75 76 83
210 155 243
197 45 243
70 62 251
201 76 146
42 49 101
107 32 11
207 248 242
109 75 58
250 156 185
235 241 183
207 87 36
11 241 79
65 135 8
115 1 17
12 181 215
212 170 211
148 58 211
90 91 29
36 184 128
28 86 159
204 79 154
70 37 147
227 141 136
251 113 15
246 217 191
126 66 1
51 143 252
128 30 20
99 6 223
189 66 51
228 117 23
15 209 26
173 254 197
213 95 33
222 154 141
75 79 14
209 208 253
76 233 185
152 163 167
133 118 35
101 55 165
27 98 30
62 53 35
231 201 133
228 178 171
249 60 132
89 38 91
138 15 212
18 148 147
90 169 76
187 215 146
66 29 41
19 233 83
93 60 204
202 40 224
3 123 165
35 115 111
245 32 179
3 5 236
231 106 149
235 111 226
152 45 203
90 98 22
107 244 192
255 138 92
18 62 20
220 238 85
151 28 210
69 145 145
161 167 219
239 109 251
234 141 64
181 82 204
89 147 123
82 77 223
217 145 193
225 243 244
167 208 157
184 102 74
71 10 232
181 145 98
112 140 169
199 244 192
243 49 48
202 7 43
230 224 251
245 156 204
115 143 5
223 229 146
191 242 113
153 184 71
177 91 97
76 18 37
137 66 183
199 239 118
63 81 156
114 126 253
106 84 250
214 32 246
205 93 80
178 200 35
93 114 121
114 122 152
194 6 173
95 173 206
85 89 15
19 174 172
37 254 8
244 25 173
247 102 6
72 202 144
27 251 251
95 176 153
46 240 242
172 137 129
240 213 1
201 160 130
21 23 247
177 183 15
209 25 141
206 71 240
250 66 176
10 207 157
206 205 254
19 41 218
77 3 174
251 202 84
200 31 31
61 160 94
234 81 88
53 188 112
140 254 79
43 95 252
142 209 99
221 24 91
119 9 56
87 185 186
234 68 40
70 193 113
144 12 76
56 4 216
144 56 131
46 219 153
32 191 101
240 201 79
38 144 201
41 155 137
25 86 178
44 50 116
99 199 136
36 167 15
86 165 213
47 147 52
39 54 9
222 135 151
81 0 6
196 161 178
112 186 78
52 65 162
24 32 107
206 38 211
218 202 172
45 175 165
43 80 22
85 36 94
129 230 250
144 5 195
58 87 186
161 29 226
32 107 146
218 56 134
248 244 239
71 239 120
16 90 110
39 164 168
199 15 55
136 90 123
212 177 55
234 165 161
141 150 196
65 11 138
68 51 81
225 196 243
24 152 55
153 159 234
207 139 33
226 238 169
86 82 90
179 177 88
5 210 157
191 45 27
154 49 63
224 81 106
221 148 90
175 80 10
45 199 136
53 162 243
198 237 116
175 213 54
112 28 239
202 143 15
5 218 74
238 117 145
170 30 64
103 159 73
35 146 156
232 126 186
162 162 171
154 133 230
215 86 141
60 246 84
87 248 10
28 214 57
249 53 137
116 200 248
165 145 91
80 251 132
47 158 232
34 238 58
43 157 110
95 114 0
80 106 100
218 105 59
209 75 90
182 158 165
97 5 155
156 116 155
8 79 132
169 101 215
158 156 23
171 0 232
32 181 213
184 60 16
191 86 25
58 247 13
149 224 221
10 182 36
108 251 95
43 127 103
216 175 137
113 4 17
146 196 152
61 113 109
241 0 57
206 116 47
174 18 247
38 224 44
96 10 129
14 237 232
230 181 194
133 149 102
48 119 145
112 249 61
243 245 107
77 167 193
118 251 97
126 163 245
25 17 178
153 68 70
251 60 222
33 74 154
70 223 237
66 26 0
233 216 21
48 42 163
90 133 78
87 19 148
97 151 102
50 188 40
121 135 42
164 48 255
91 45 243
99 140 180
149 233 38
117 13 50
79 31 153
188 97 214
6 146 110
11 112 240
155 187 66
223 139 139
137 137 100
90 53 37
217 212 131
73 34 20
198 190 52
50 81 102
149 75 129
252 182 24
235 116 166
170 187 209
158 209 254
146 8 186
18 57 186
224 175 140
219 114 24
33 237 16
142 198 57
25 102 131
137 213 59
22 122 224
17 34 64
47 4 123
63 135 86
241 45 105
176 174 249
147 227 0
151 88 213
50 62 143
152 119 212
55 216 178
232 147 194
75 203 96
177 217 166
24 117 215
186 25 58
184 134 186
57 35 196
212 219 161
25 171 221
184 36 239
139 114 191
121 201 15
1 34 89
198 4 31
240 36 206
27 239 20
76 125 129
188 68 252
84 247 121
238 97 166
207 71 165
255 165 121
148 173 143
4 99 0
184 126 130
62 74 171
188 189 116
241 160 154
124 109 73
168 54 127
246 10 152
102 13 60
99 202 14
105 153 179
112 255 197
246 138 118
248 136 229
62 120 185
28 115 161
238 61 160
161 118 245
177 96 183
91 218 151
251 224 35
237 68 215
183 187 55
15 86 190
204 143 88
26 41 205
84 132 158
185 81 216
111 154 234
123 103 150
47 125 154
156 179 195
244 72 25
126 232 212
55 170 140
146 198 142
23 166 8
46 109 30
189 35 122
187 128 99
225 102 45
26 80 104
228 109 74
179 48 165
241 34 196
50 230 28
186 52 135
146 233 54
114 17 228
236 159 236
79 216 52
14 32 181
236 59 60
37 154 1
187 104 66
186 191 212
235 55 81
72 236 157
108 198 95
135 109 15
181 134 43
206 101 54
213 149 109
10 157 71
122 52 29
251 156 49
194 146 126
176 190 186
23 127 68
77 246 164
136 160 210
63 196 166
60 151 184
214 131 105
211 81 3
20 166 22
0 60 59
224 178 49
147 28 248
245 22 114
135 127 129
247 39 113
210 181 187
161 100 251
171 184 193
235 74 128
216 52 180
157 117 215
36 168 184
105 3 150
36 138 206
90 205 149
2 66 81
106 25 162
148 253 177
249 78 235
147 158 138
93 69 243
254 117 102
58 68 122
248 25 100
75 91 235
195 115 11
18 140 222
241 123 61
153 86 71
56 146 214
12 111 44
168 12 60
150 38 247
34 25 184
25 190 111
46 253 81
226 176 46
70 105 130
84 152 126
227 239 171
232 192 182
172 2 82
94 144 202
236 79 92
117 175 150
174 253 22
151 255 224
149 62 31
90 77 128
183 36 239
222 30 243
11 232 36
172 129 245
96 49 130
226 67 160
72 113 66
38 139 247
87 78 130
201 246 191
44 228 163
86 238 150
208 133 219
161 195 35
26 34 239
14 201 24
241 175 193
234 189 78
247 163 71
223 30 114
1 220 153
233 95 175
218 251 147
186 124 163
19 82 32
185 153 119
113 108 131
70 44 66
173 107 5
71 104 145
221 50 34
96 85 38
200 236 194
107 211 65
216 131 201
251 40 241
22 196 29
178 204 131
20 203 188
252 225 212
222 44 244
76 75 145
239 196 231
190 64 251
9 19 140
25 249 125
175 27 215
252 39 5
152 83 117
166 223 206
97 87 154
189 1 67
241 219 65
222 21 52
108 15 174
181 87 79
188 179 92
221 162 100
151 116 228
218 142 152
142 148 137
154 181 109
204 97 124
37 46 232
138 140 213
234 83 183
9 105 239
168 215 145
70 183 84
211 123 74
119 46 141
74 191 125
249 146 23
143 70 115
25 62 170
198 118 116
112 46 219
2 151 28
47 120 166
0 44 4
229 165 232
135 57 176
159 247 167
154 68 141
250 137 93
181 201 186
171 173 96
173 0 76
123 105 119
82 16 70
116 39 16
133 27 0
142 52 32
226 23 252
45 252 1
239 43 43
28 50 73
32 21 194
124 93 157
166 34 188
228 229 93
7 216 64
135 172 15
65 116 229
189 242 56
16 252 43
188 2 206
14 186 167
141 144 240
98 47 171
13 199 144
65 229 30
218 199 51
18 35 31
158 247 58
244 169 65
23 249 210
249 46 184
18 55 15
26 208 234
166 214 179
239 140 43
46 131 73
87 101 18
200 66 165
163 250 188
72 71 189
22 255 129
12 181 153
60 68 52
119 6 215
178 17 208
126 211 16
67 105 67
132 218 48
139 140 135
202 120 204
33 213 46
125 115 203
73 242 83
13 225 13
208 159 199
58 77 3
7 141 48
204 50 124
44 41 6
90 95 191
55 61 65
53 215 28
5 131 95
1 80 95
198 168 245
71 243 142
150 239 55
228 44 70
55 222 240
219 147 2
155 80 207
117 50 115
39 203 120
217 189 156
198 2 145
92 232 244
242 132 25
20 203 105
62 182 77
248 72 188
44 47 229
137 116 211
164 247 55
66 206 210
92 82 231
33 210 236
254 56 48
9 148 21
53 250 187
130 5 176
152 63 227
213 194 155
59 48 187
6 191 137
197 190 109
39 217 70
33 61 156
170 98 30
107 247 13
209 72 177
136 247 146
87 12 131
22 15 219
213 155 49
241 232 208
75 60 102
94 199 6
119 213 89
95 46 22
202 98 19
159 70 105
119 247 215
32 217 154
218 78 218
96 162 191
93 133 159
105 172 160
151 195 93
144 63 61
11 124 150
183 111 129
171 167 212
98 16 119
133 101 172
139 91 86
113 64 15
252 19 64
179 58 106
171 213 169
227 171 220
99 129 108
63 138 13
146 11 66
11 152 177
147 204 156
179 45 40
219 4 76
247 3 131
193 174 75
249 52 35
191 60 80
16 102 90
18 71 20
241 14 104
130 181 255
144 70 26
224 89 193
87 71 136
248 136 169
199 240 205
151 172 29
80 1 223
19 123 76
173 107 110
175 170 5
11 40 86
113 185 58
126 245 17
127 95 196
75 218 20
74 49 61
30 191 174
227 126 101
135 10 252
241 17 165
108 47 41
87 21 109
54 255 202
147 255 59
71 51 225
248 0 142
189 96 27
126 201 14
150 226 148
246 44 192
0 24 0
50 212 233
46 187 110
97 39 193
172 244 79
198 153 80
227 202 241
140 113 68
140 188 12
75 65 175
88 144 92
161 120 160
120 94 250
233 38 156
146 65 209
238 24 170
124 161 3
125 45 204
68 135 146
155 174 243
112 166 202
105 158 193
177 100 151
200 118 5
129 123 118
75 248 100
217 182 0
147 127 141
236 172 155
112 121 231
114 232 98
244 151 59
0 202 201
254 239 168
15 30 85
229 86 14
244 172 11
71 97 233
61 210 145
71 150 8
28 192 102
163 104 86
111 179 30
164 233 78
253 79 44
206 222 68
125 65 56
247 107 138
32 214 98
223 120 198
245 163 186
145 249 172
93 255 47
70 136 85
85 237 235
253 134 195
57 203 19
228 185 209
139 27 253
224 237 139
106 127 166
32 178 202
179 210 23
212 105 31
79 25 16
126 54 222
232 82 58
97 225 88
220 251 81
252 63 94
88 48 16
46 193 3
218 23 242
205 224 227
126 46 144
188 171 207
186 234 120
170 252 118
172 38 178
142 48 139
181 143 175
18 167 65
89 115 32
106 241 20
216 17 169
171 126 67
59 201 111
161 99 172
235 39 123
185 250 0
221 164 51
121 237 193
120 54 185
42 178 72
170 97 180
1 119 41
127 9 111
118 46 223
43 227 164
165 232 88
230 102 26
167 14 138
219 47 56
96 20 219
122 232 164
188 161 105
152 222 49
183 76 230
241 40 132
127 195 69
42 239 233
243 251 60
249 184 75
130 249 80
148 214 129
250 157 43
130 234 222
115 120 159
122 150 175
233 237 0
86 205 1
50 239 160
64 67 68
69 101 5
0 57 40
132 49 75
59 85 45
224 255 75
54 0 199
232 253 172
130 122 11
50 75 45
159 59 92
241 185 36
18 245 3
126 123 246
107 0 219
170 155 201
70 145 47
102 136 237
157 151 147
76 7 128
195 42 116
235 38 252
202 172 66
134 6 48
3 15 131
81 246 186
81 106 24
246 35 103
89 40 252
223 68 16
79 125 31
171 244 203
176 195 182
209 135 241
240 108 225
195 215 91
65 196 47
64 118 196
135 156 141
109 212 104
236 27 73
84 148 41
0 56 250
147 181 124
19 13 251
141 184 22
132 16 155
70 152 165
124 132 133
14 55 122
147 166 163
40 164 45
68 254 201
182 54 68
170 45 177
86 31 49
239 110 49
213 181 85
80 113 7
248 83 13
164 63 58
189 33 103
130 61 253
189 246 216
237 119 145
3 167 220
6 0 150
130 150 157
217 169 241
117 207 126
175 81 109
114 195 255
71 67 144
37 133 82
185 32 145
179 74 49
121 167 84
20 76 85
140 183 134
241 254 109
95 35 70
28 233 235
32 80 36
162 60 35
219 17 128
212 207 131
62 61 143
174 178 205
84 196 56
236 209 232
66 26 73
49 147 20
106 212 237
245 188 164
100 94 125
15 207 10
59 59 166
115 187 62
16 53 113
61 145 228
4 46 201
47 74 181
133 21 66
15 61 76
175 161 9
59 231 227
104 152 73
109 190 138
154 169 227
6 215 22
176 2 120
46 173 234
26 67 62
236 246 156
9 1 178
184 214 97
165 214 25
254 47 215
234 55 38
177 7 164
47 92 12
156 15 65
189 161 240
76 197 134
208 57 192
170 72 16
242 121 122
108 106 93
78 157 23
78 92 232
109 82 128
40 195 56
196 138 155
185 176 6
82 254 175
18 58 216
129 158 186
63 109 120
54 204 133
107 83 69
46 3 235
159 210 199
81 24 245
26 234 255
244 178 15
119 172 39
167 51 9
237 33 138
31 105 231
204 248 11
101 133 169
48 121 87
21 158 63
41 23 83
206 240 38
121 165 129
60 186 2
206 83 64
56 62 195
101 153 19
200 175 87
203 155 161
110 229 75
170 241 235
79 71 126
24 218 62
69 137 179
204 87 133
145 35 209
222 216 19
181 248 91
87 198 221
154 139 4
202 160 232
137 135 225
53 252 235
162 216 144
61 187 47
53 133 56
35 102 102
39 138 82
211 251 63
185 146 98
130 123 32
214 187 222
177 204 171
45 167 12
180 205 135
218 222 150
95 28 32
201 239 1
81 211 121
152 5 234
190 246 132
241 178 191
55 108 96
101 31 171
69 181 118
97 53 0
224 51 64
132 10 238
173 170 23
193 154 210
212 107 58
243 174 248
106 26 137
107 72 84
195 167 97
138 40 249
30 112 94
80 93 19
180 171 140
55 32 115
125 193 10
182 193 68
1 243 219
241 242 142
128 202 186
123 99 69
107 208 29
162 69 8
125 169 131
229 101 148
113 99 54
77 179 88
122 187 204
109 145 202
49 32 211
117 185 159
84 116 45
128 194 14
228 245 114
156 245 140
243 147 127
223 186 124
247 31 109
151 45 144
108 45 199
30 135 236
55 39 11
170 128 254
56 63 74
72 206 5
97 248 66
165 73 209
227 124 253
223 111 113
77 80 54
64 249 192
155 138 52
167 237 77
55 90 216
130 93 47
156 158 17
52 135 215
227 181 66
124 27 204
108 233 252
20 77 111
90 142 51
209 48 22
201 88 212
184 25 67
49 200 149
163 235 115
52 59 216
208 249 138
49 206 79
137 113 164
164 150 99
213 149 240
137 103 50
190 198 22
0 123 38
191 60 127
37 177 107
153 238 3
35 229 162
4 76 118
175 223 154
6 30 127
119 174 24
122 65 48
43 218 254
221 65 37
177 164 27
26 167 141
220 160 251
51 235 42
245 16 18
45 60 250
19 255 59
60 244 205
202 101 135
156 80 199
166 20 197
202 183 89
109 109 217
18 101 33
221 42 96
201 85 43
201 58 255
88 104 31
202 164 228
113 6 183
121 183 43
50 111 9
147 23 218
25 61 20
249 89 118
68 146 168
233 20 18
12 210 143
168 243 122
59 131 220
82 183 151
18 184 233
136 207 82
137 95 126
191 179 129
38 240 200
216 221 127
73 62 199
208 33 174
128 144 33
168 233 22
219 183 50
171 205 37
114 67 219
136 88 182
170 190 169
151 206 173
134 214 222
133 84 72
104 138 75
249 206 120
213 168 92
33 8 69
235 223 80
213 83 37
24 2 62
237 73 44
109 124 188
136 114 75
251 192 141
199 107 52
185 54 185
221 104 48
6 155 190
208 59 201
173 124 14
3 141 165
196 101 31
170 60 42
106 195 21
95 223 59
131 60 4
38 109 116
154 146 177
84 109 45
247 253 142
146 214 156
191 58 42
152 79 153
227 244 30
172 48 195
146 87 15
71 5 29
177 16 162
18 235 156
112 54 95
218 173 33
96 162 144
135 23 105
113 203 2
156 223 224
148 137 67
6 217 29
120 236 87
61 197 127
31 99 222
185 185 138
201 214 41
195 136 125
69 123 45
156 176 142
228 126 94
84 111 33
197 237 122
198 171 216
48 113 46
182 180 82
170 124 63
91 46 75
52 145 57
24 75 213
134 74 132
3 69 165
194 69 206
66 221 115
21 235 191
50 25 3
95 28 49
163 198 43
243 215 10
78 62 91
221 123 215
216 242 33
131 169 241
60 249 212
83 134 43
181 129 5
25 222 210
127 32 70
216 48 18
12 200 203
109 61 115
86 110 186
147 178 0
5 255 43
90 82 242
132 122 166
73 91 166
33 234 89
22 147 209
121 39 250
43 171 178
139 196 46
120 100 235
185 65 86
31 196 108
112 223 106
235 67 243
253 59 157
145 187 173
17 68 61
122 60 123
17 167 74
82 130 24
230 191 197
46 222 250
196 229 217
83 189 111
144 217 3
42 206 151
189 61 102
210 241 241
200 230 92
63 109 5
248 17 129
172 8 128
61 198 109
199 89 248
187 119 1
56 147 118
73 149 129
163 124 148
192 192 176
201 149 39
84 40 102
115 222 185
103 217 104
31 159 242
137 156 131
181 46 229
228 228 73
175 101 34
77 140 17
169 129 7
215 64 71
218 18 127
24 215 72
192 102 218
119 233 107
168 168 254
140 159 208
58 202 221
15 19 179
28 95 11
66 158 205
254 255 48
36 141 169
131 142 130
74 239 89
28 246 211
251 185 14
85 193 58
177 29 204
124 25 75
238 167 95
205 214 233
228 158 152
42 218 21
135 20 254
125 123 151
251 204 162
184 34 197
169 3 217
155 60 167
253 182 75
86 129 32
92 176 60
218 161 125
72 133 17
227 118 171
71 113 234
18 91 148
135 173 157
71 163 18
63 237 157
18 7 158
103 75 220
55 232 91
67 135 90
81 94 250
197 241 253
8 233 184
14 238 247
241 53 33
218 93 187
247 242 73
157 67 233
102 252 52
188 231 166
196 34 0
60 150 167
54 52 227
21 84 198
178 54 56
171 35 83
113 133 15
56 33 98
179 235 12
87 157 237
82 41 175
104 154 228
162 222 102
97 96 246
162 234 128
230 37 176
124 166 133
67 152 116
15 241 183
231 83 25
92 79 6
238 141 108
149 83 114
15 236 191
228 110 142
94 236 167
105 253 42
188 193 230
248 182 122
220 109 94
241 9 192
52 19 202
121 149 178
124 15 0
190 237 104
132 36 188
218 61 222
29 99 129
2 217 207
38 94 156
43 15 12
105 193 54
56 156 75
40 252 135
20 15 43
105 40 146
50 60 132
255 124 141
186 206 124
76 84 253
236 74 136
8 253 41
231 174 228
183 163 28
95 112 197
188 253 171
51 157 26
244 252 70
18 52 141
238 140 115
0 254 211
250 117 219
33 91 190
60 180 238
188 191 167
221 2 69
154 52 179
178 129 153
150 186 23
121 147 145
249 60 126
251 18 77
106 24 112
220 186 4
41 124 68
108 14 152
30 40 70
9 76 230
83 205 15
209 59 157
122 118 225
253 74 138
56 33 13
143 28 237
227 131 185
